# mathcam fontdump（字の形だけを画像で持つ。書体ファイルは配らない）
upem 2048
48 1024 88 -4 936 1561 g_0030.png 80 147
49 1024 393 8 633 1548 g_0031.png 23 145
50 1024 100 31 942 1560 g_0032.png 79 144
51 1024 98 -4 929 1559 g_0033.png 78 147
52 1024 44 6 985 1558 g_0034.png 89 146
53 1024 109 -4 930 1526 g_0035.png 77 144
54 1024 90 -6 934 1552 g_0036.png 80 147
55 1024 92 7 944 1526 g_0037.png 80 143
56 1024 78 -6 966 1563 g_0038.png 84 148
57 1024 74 -20 943 1563 g_0039.png 82 149
43 1024 92 164 933 1392 g_002B.png 79 116
45 1024 92 686 932 870 g_002D.png 79 18
8722 2048 322 680 1727 877 g_2212.png 132 19
61 1024 92 490 932 1067 g_003D.png 79 55
40 1024 268 -177 878 1734 g_0028.png 58 180
41 1024 145 -177 755 1734 g_0029.png 58 180
215 2048 394 149 1653 1406 g_00D7.png 119 118
247 2048 322 106 1727 1449 g_00F7.png 132 126
46 1024 150 -61 551 340 g_002E.png 38 38
123 1024 84 -174 901 1731 g_007B.png 77 179
125 1024 123 -174 940 1731 g_007D.png 77 179
