# mathcam fontdump（字の形だけを画像で持つ。書体ファイルは配らない）
upem 2048
48 1024 100 27 923 1528 g_0030.png 78 141
49 1024 432 47 592 1509 g_0031.png 15 138
50 1024 95 61 938 1527 g_0032.png 80 138
51 1024 117 27 917 1528 g_0033.png 75 141
52 1024 44 46 972 1517 g_0034.png 87 138
53 1024 125 27 929 1495 g_0035.png 76 138
54 1024 100 27 927 1538 g_0036.png 78 142
55 1024 98 44 933 1495 g_0037.png 79 137
56 1024 76 27 966 1528 g_0038.png 84 141
57 1024 80 27 933 1528 g_0039.png 80 141
43 1024 94 156 929 1387 g_002B.png 79 116
45 1024 94 713 930 844 g_002D.png 79 13
8722 2048 375 713 1673 844 g_2212.png 122 13
61 1024 94 526 930 1030 g_003D.png 79 48
40 1024 281 -153 882 1709 g_0028.png 57 175
41 1024 143 -153 744 1709 g_0029.png 57 175
215 2048 452 206 1596 1350 g_00D7.png 108 108
247 2048 375 211 1673 1346 g_00F7.png 122 107
46 1024 178 -29 493 286 g_002E.png 30 30
123 1024 178 -143 880 1700 g_007B.png 66 173
125 1024 143 -143 845 1700 g_007D.png 66 173
